8_6fed66f8-84c0-42cc-a197-360429b6095c=000000011000011110000000|000001111110111111100000|000001100111100001100000|000001000011100000110000|000011000011000000110000|000011100011000000110000|000011000111000000100000|000011000011110001100000|000001111110111111100000|000000111000011111000000
1_e180934f-8455-4135-9d78-c307b3f0488e=000000100000000000110000|000001111111111111110000|000001111111111111110000|000000000000000000110000
2_0fcf9767-71f2-48b6-8c9c-16255cce544c=000000000000000011110000|000000000000001111110000|000001000000011000110000|000011000000111000110000|000011000000100000110000|000011000001100000110000|000001000111000000110000|000000111110000000110000|000000011100000000000000
3_65cc5b7f-9ed2-4e5f-b3d8-27300ed380b8=000000000000000001000000|000001100000000011000000|000001100000000001100000|000011100000000000110000|000011000000000000110000|000011000011000000110000|000011000011100000110000|000001100011100001100000|000001111110111111000000|000000111000011110000000
0_29c56b9e-796c-4fef-b93f-7661180a4d15=000000000111110100000000|000000011111111111000000|000000111000000011000000|000001000000000001100000|000011000000000000110000|000011000000000000110000|000011000000000000110000|000001000000000000110000|000001100000000111100000|000000111111111110000000|000000000111110000000000
5_2b015606-27fd-4c9f-b5c6-c89407ac75ea=000000101011100001000000|000011111111100001100000|000011000110000000110000|000011000110000000110000|000011001100000001110000|000011001100000000110000|000011001100000000110000|000011001100000001100000|000011000110000011100000|000000000011111110000000|000000000000111100000000|000000000000010000000000
7_b628de9c-f7c7-4d0e-8710-d80a5ab05c14=000011000000000001100000|000011000000001111000000|000011100000111100000000|000011000111101000000000|000011001111000000000000|000011111000000000000000|000011100000000000000000|000011100000000000000000
9_cdb9534d-ee8c-4e18-896a-9a631ae09793=000000001111000000000000|000000111111100000000000|000001110000110000000000|000001000000011000000000|000011000000011001110000|000011000000011011110000|000011000000011011100000|000001100000010111000000|000001100001111110000000|000000111111111100000000|000000011111000000000000
4_8cf9f85e-f775-4cc2-bfb9-5b8719e5327f=000000000000011100000000|000000000001111100000000|000000001111001100000000|000000001111001100000000|000000011000001100000000|000001100000001100000000|000011111111111111110000|000001111111111111110000|000000000000001100000000
6_fb0a16f8-8f34-432b-a02b-85596ea9fdeb=000000000000111100000000|000000000111111111100000|000000001111010001100000|000000011001000001100000|000000110011000000110000|000001100011000000110000|000011000011000000111000|000000000011000001111000|000000000001000001111000|000000000000111111001000|000000000000011100000000|000000000000001000000000
